   2.0000000e+00   4.8630633e-01  -1.5620469e+00   1.2842192e+00  -7.1901797e-02   8.1279830e-01   4.5971227e-01   1.5294094e+00  -6.7799779e-01   9.6129010e-01   1.0962709e+00
   2.0000000e+00  -5.3758086e-01   8.0771754e-01   9.7777221e-01  -2.1406387e-01   1.3332102e+00   1.3725293e+00   4.0700257e-01  -8.2412448e-01  -6.0417049e-01  -4.5906034e-01
   2.0000000e+00  -9.2730953e-01  -7.3387935e-01   4.4165504e-01   1.1380914e+00   2.6230337e+00   8.5822612e-01   3.7821342e-01   2.8487523e-01   3.5276931e-01  -1.2628682e+00
   2.0000000e+00   6.3711089e-01  -9.6905956e-01   1.9976087e+00   7.2990502e-01  -7.5964216e-01  -9.8331362e-01  -4.3701434e-01  -1.7664619e+00   4.7451498e-01   9.2661074e-01
   2.0000000e+00   1.1291288e+00  -5.4734185e-01  -4.6264225e-01   4.9171707e-01  -8.7665594e-02  -2.8560038e-01  -5.1909134e-01   1.6413870e+00  -1.1227415e+00  -2.6013109e-01
   2.0000000e+00  -5.0074799e-01   1.5079648e+00  -8.5758566e-01  -3.2600538e-01   4.2734378e-01   1.6000306e-01  -1.6051211e+00   1.0911930e+00   2.7156174e-01   1.3792948e+00
   2.0000000e+00  -1.0524893e+00   8.4662529e-01  -1.9375770e+00  -4.1217118e-01   5.7448716e-02   2.3771116e+00   4.7467615e-01   9.2369958e-01   6.7142874e-01   1.5633261e+00
   2.0000000e+00  -1.4220210e-01  -2.0056599e+00   8.0381431e-01   1.3496675e-01  -2.1153105e+00  -6.5668783e-01   4.6831156e-01   8.4000664e-02  -5.3226657e-01   3.8790175e-01
   2.0000000e+00   2.6662030e-01  -4.9297226e-01   3.1314029e-01   6.2596166e-01   8.7674306e-01   5.7093660e-01   1.2094700e+00   1.4369527e+00  -1.8361021e+00  -3.8225129e-02
   2.0000000e+00  -2.2917566e-01  -7.8826753e-01   1.7122125e+00   2.8569543e+00  -3.2289203e+00   1.3106386e-01   2.4101313e-01  -3.8312174e-01  -1.4738092e-01  -9.2297776e-01
   1.0000000e+00   2.7601393e-01   1.0895267e-01  -3.4201668e-01  -4.8810188e-01   1.2981064e+00  -7.7043741e-01  -3.7246232e-01   1.6060214e-01   3.5667606e-01   2.2448066e-01
   2.0000000e+00   1.2891899e+00  -2.6184657e-01   1.0790059e+00  -2.3275733e+00  -1.1937352e+00   7.5008492e-01  -2.4970153e+00   1.1455535e+00   2.0033449e-01  -2.8285523e-01
   2.0000000e+00   1.1533683e+00   8.8569744e-01  -4.1363011e-01   8.1496488e-01   1.2567127e+00   8.3393188e-01   1.4259143e+00  -2.3475942e+00  -1.3806919e+00   4.5455687e-01
   1.0000000e+00   1.9369551e+00   9.2648695e-01  -3.6057165e-01   6.2733844e-01  -2.2769180e+00   5.7576835e-01   6.5231147e-01   2.2711571e-01  -8.4612801e-01  -7.7839387e-01
   2.0000000e+00  -5.8210138e-01  -8.4799657e-01  -5.5491082e-02  -3.4745842e-01  -8.5084769e-01  -8.4318230e-01   1.3179427e+00  -5.9439624e-02   8.0038849e-02  -5.6733633e-01
   2.0000000e+00  -5.1863603e-01   1.2261869e+00   9.6289894e-02   1.9536466e+00   1.1006642e-01  -8.8576561e-01   6.3118352e-01  -2.3196094e-01   9.8365789e-01   4.9659012e-01
   2.0000000e+00  -8.6214747e-02  -1.1152645e+00   8.3699043e-01   6.5612990e-01   1.1227316e+00   6.5049438e-01  -2.0057946e+00   1.4933946e+00   3.0550217e-01   1.5463575e-01
   2.0000000e+00  -8.1899333e-01   1.7700975e+00   1.4597099e+00  -3.7041280e-01   1.8608013e+00  -6.4394299e-02   1.9036348e+00   1.6208992e+00  -1.4413847e+00   6.4106153e-01
   2.0000000e+00   1.4054790e+00   1.8046647e+00  -1.4761725e+00   1.1553526e+00  -4.6167470e-01   1.2002626e+00   6.0815439e-01  -1.6008819e+00  -6.9076853e-01  -8.0014631e-01
   2.0000000e+00  -3.3899969e-01  -1.0179531e+00   3.0235503e-01  -1.5362135e+00  -1.6481521e+00   1.0067727e+00   7.5928396e-01   6.1113395e-01  -1.7241493e-03   4.8205511e-01
   2.0000000e+00  -5.3852022e-01  -4.7572247e-01  -5.7575359e-01  -1.0760626e+00  -2.2346089e+00   2.1042170e-01   5.7587562e-01  -1.1960593e+00  -6.6219501e-01   6.3462554e-01
   1.0000000e+00   1.0845361e+00   6.6196424e-01  -1.5420619e+00  -1.9866123e-01  -9.5582079e-02  -2.8871336e-01   2.9035898e-01  -5.5637724e-01   3.6256798e-02   2.0067757e+00
   1.0000000e+00   6.2013551e-01   1.6470471e-01  -2.1499960e+00   1.2743994e+00   1.9521029e-01  -5.7899361e-02  -2.2136362e-01  -5.0248650e-01  -1.0820719e+00  -1.3401323e+00
   1.0000000e+00   1.2772747e+00   6.2557251e-01   5.9405750e-01  -4.6121996e-01   2.1409071e+00  -5.6108000e-01  -3.1938201e-01   3.9092753e-01  -1.9388217e-01  -3.4554460e-01
   2.0000000e+00   1.5484712e-02  -1.4000579e+00  -3.7106247e-01  -2.1243622e+00  -2.6224749e+00   8.2112605e-01   5.7109754e-01   6.9788702e-01  -9.4709652e-01  -1.5725179e-01
   2.0000000e+00   2.8157276e-02  -4.5722398e-01   6.3823348e-01   8.0641116e-01   7.6960625e-01  -2.0650365e-01  -5.1427940e-01   2.1024237e-01  -1.1916801e+00  -1.0741630e+00
   2.0000000e+00  -3.0437445e-01  -9.1157798e-02  -1.1553095e-01  -1.5353200e+00  -6.0298194e-01  -3.7267001e-02  -2.1249625e+00  -8.7354376e-01  -1.3016139e+00  -1.5681912e+00
   2.0000000e+00   1.8956852e-01   2.8801115e+00   6.5350349e-01  -4.8975617e-01   2.1131142e-01   1.5433223e+00   4.5133680e-01  -9.2091769e-02   3.1295844e-01   8.4473896e-02
   2.0000000e+00  -2.7012218e+00   1.6238318e+00   1.7016972e-01   1.5093460e+00  -4.5205164e-01  -3.2695063e-01  -2.0424704e-01   1.1647629e+00  -9.5092276e-01  -2.6042676e-01
   2.0000000e+00   2.0881709e-01   2.0728707e+00   4.4073102e-01  -3.1641404e-01  -8.0769479e-01   2.0034273e+00  -1.8112504e+00  -9.3775883e-01  -1.3661085e+00  -4.8903620e-01
   2.0000000e+00   1.3252318e+00   1.5700934e+00   3.9719312e-01  -3.5721256e-01   1.9334295e+00  -2.1793823e+00   1.7296203e-01  -2.7920222e-01  -1.8108634e-01  -1.3166367e+00
   2.0000000e+00   1.4981002e+00   5.9940406e-01   9.1697995e-01   5.4459820e-01  -1.2536076e+00   2.1807084e+00   1.7384223e+00  -1.3629314e+00   2.1393230e-01   1.3548536e+00
   2.0000000e+00  -8.0747243e-01   8.1112185e-01   1.6083415e+00   1.8901622e+00  -6.1166684e-02  -2.8608671e-01   8.8369355e-01  -1.0152118e+00   1.0969624e+00   2.0399447e-01
   2.0000000e+00  -1.4668321e+00  -1.1916581e+00  -3.9754614e-04   1.7477096e+00  -5.0610164e-01  -1.4125966e+00  -3.2885942e-02   1.6678553e+00  -2.4691276e-02  -1.1614486e+00
   2.0000000e+00  -2.2985598e+00   4.2361463e-01   6.7165469e-01   7.1572098e-01   9.0129386e-03  -1.2442729e+00  -1.0139345e+00  -1.0194627e+00  -1.0674559e+00  -9.3194429e-02
   2.0000000e+00  -1.2364414e-01   1.7713038e-01   6.3237224e-01   1.4381019e+00  -1.6887181e+00  -2.0228670e+00   1.1884215e-01  -1.9123351e+00   9.9164453e-01   2.0212621e-01
   2.0000000e+00  -7.9775171e-01   1.2152398e+00   5.0407883e-01  -1.4437585e+00  -2.4972968e-01   1.3776640e+00  -1.7616327e+00   1.5748310e+00   1.6561239e+00  -1.4575989e+00
   1.0000000e+00   9.4776886e-01   5.8796885e-02   4.7213778e-01  -5.5552791e-01   1.8080006e+00   6.8183365e-01  -5.1375092e-01   7.3819583e-02   2.3221687e-01   1.3409359e-01
   2.0000000e+00  -9.0749643e-01  -1.2317370e+00   5.3143863e-01  -5.2307962e-01   8.3059997e-01  -4.7038010e-01   8.0863957e-01   2.1860579e-01  -2.1631012e+00  -1.2389936e+00
   2.0000000e+00  -1.5855986e+00   7.9487157e-01   1.6078502e+00  -1.7139777e-01   1.6153839e-01   8.8477584e-01  -7.9631050e-01   1.3360011e+00   2.5843599e+00   1.9476050e-01
   2.0000000e+00  -5.3957768e-01  -3.8261646e-01  -1.1771981e+00   8.1384765e-01   6.4574170e-01   1.2071797e+00  -1.5587801e+00   1.1539988e+00  -3.5279754e-01  -8.4062080e-01
   2.0000000e+00   4.9509269e-01  -6.5556041e-03  -1.7681178e+00  -1.0575313e+00  -4.5309463e-02  -7.0522803e-01  -1.3542925e-01  -1.9596260e-01   1.2928810e+00   1.1638026e+00
   1.0000000e+00  -2.4874530e-01   4.8598184e-01  -4.2255997e-01   5.1080395e-01  -4.4428774e-01   8.0901513e-03   1.3365991e+00   6.8296013e-01  -7.3966546e-01   3.6378983e-02
   2.0000000e+00   2.2746180e-01  -1.8632720e+00  -4.3953387e-01  -6.0034715e-01  -2.1559632e-01   1.7145150e-02   6.4577470e-02  -6.9550565e-02  -1.2489243e-01   1.3247782e+00
   2.0000000e+00   7.5569611e-01  -1.2205593e+00   4.1384107e-01  -6.8559810e-01  -5.1016880e-01   7.7992909e-02   1.7293520e+00   1.1064372e+00   5.5845685e-01  -2.3669742e-01
   2.0000000e+00   1.5444010e+00   1.2392412e+00   4.2253855e-01   2.0013300e-01  -1.4071882e+00  -2.6992769e-02   3.8079357e-01  -7.3256734e-01   1.1844099e+00   2.3227078e+00
   2.0000000e+00   4.3725817e-01   7.0856412e-01   9.1316525e-01  -5.9174864e-01  -6.6486538e-02   1.5454478e-01  -5.7580419e-01   2.0369097e+00  -1.6431275e+00   4.2805841e-01
   2.0000000e+00   1.0450091e+00   1.3744548e+00  -1.1309000e+00   5.7175487e-01   1.5321544e+00  -4.0230779e-01  -2.9751979e-01  -2.4029253e+00   7.7427602e-01  -2.2128897e-01
   2.0000000e+00   6.1557543e-01  -1.0745136e+00  -4.5486308e-01  -1.1665365e-01   7.1664984e-01  -7.6887686e-01   7.0302312e-01  -1.8900049e+00  -9.0353967e-01   2.0788438e-01
   2.0000000e+00   9.1320001e-01  -5.1277142e-02  -7.6664460e-01   1.1661020e-01   2.2847944e+00  -7.1484958e-01   1.0512310e-01  -1.7608675e-01  -8.1794614e-01  -3.3996311e-01
   2.0000000e+00  -6.3731104e-01  -1.5077852e-01   1.3866581e+00   7.7258508e-01   9.4043334e-01   2.9879816e-01  -1.0059702e-01  -6.5815830e-01   1.1106450e-01   1.1578989e+00
   2.0000000e+00  -1.4038182e+00   4.7614272e-02   4.7917943e-01  -1.7692992e+00  -7.2730073e-02   3.1252939e-01   7.1389343e-01  -1.1429075e+00   8.6494424e-01  -4.4338560e-01
   1.0000000e+00   1.6480544e-01   1.6754510e-01  -1.7667150e+00  -1.8152291e-01  -7.0449112e-01   3.1859914e-01   2.3765736e-01   1.1044534e-01   9.3561557e-01   7.8679202e-01
   2.0000000e+00   8.9802723e-03  -1.9573220e-01   1.1818176e+00   1.6285202e+00  -6.3362090e-02   1.5535450e+00  -2.3463708e+00   8.1371358e-01   3.7587504e-01   8.2309083e-01
   2.0000000e+00  -7.5942925e-01  -4.4461621e-01   9.8209172e-01  -2.3396461e-01  -1.1065828e-01   7.5741012e-01  -5.0701975e-01  -1.3438959e+00  -1.9402611e+00   1.0024850e+00
   2.0000000e+00  -3.3028882e-01  -1.1803731e-01   2.3890423e+00   1.6642359e-01   6.2243035e-01   1.1998769e+00  -3.6218312e-01  -6.0287409e-01   8.9266890e-01   6.3066418e-01
   2.0000000e+00  -6.8159680e-01  -7.3281628e-01  -2.8815066e+00   1.0017917e+00  -4.4469502e-01   2.0198362e+00  -1.7996876e+00  -6.7441265e-01  -1.3371412e-01  -1.2963446e+00
   2.0000000e+00   1.6567284e-01  -3.6796332e-02  -1.1296127e+00   7.8719242e-01   2.0308877e-01   1.0514970e+00   1.6846364e-01  -2.0788051e+00   1.5527814e+00   3.6700612e-01
   2.0000000e+00   6.7376591e-02   2.3249195e-01  -9.7331403e-01   2.2195494e-01   9.8490893e-01   4.1938214e-01   8.6761536e-01  -1.1257137e+00   1.2773177e-01   3.2569682e-01
   2.0000000e+00   8.7775615e-01  -1.2887993e+00  -7.2538609e-01  -2.6858568e-02   4.5536924e-01   4.7077351e-01   4.4389373e-01   2.0135774e-01  -9.5239543e-01  -3.4342448e-01
   2.0000000e+00   2.9808165e+00  -9.9695607e-01   1.5598545e-01  -4.1844615e-02   9.6018672e-01  -1.9942359e+00  -6.5480921e-01  -6.0431125e-01  -5.6277943e-01   8.6489337e-01
   2.0000000e+00   1.0926147e+00   1.0162725e+00   5.2708415e-01   7.7540742e-01   5.5916941e-01   1.0066922e+00  -3.4595014e-01   1.4025056e+00   1.2421686e+00   1.3240682e-01
   2.0000000e+00   7.5564468e-02  -1.1424779e+00   1.1932651e-01   1.2838880e+00   2.7776040e-01  -1.0300248e+00   1.0081520e+00   6.2384192e-01   9.5480681e-02   9.1903421e-01
   1.0000000e+00   4.2926035e-01   1.9118331e-01  -5.8000563e-01   7.8331786e-01   9.3386771e-01   1.8933315e+00   3.4892600e-01  -9.3639132e-01  -9.3045805e-01   7.5823635e-01
   2.0000000e+00   8.7291166e-01   1.0378184e+00   7.3594499e-01  -6.2029041e-01  -1.4920624e-01   9.4331042e-01   2.3960871e+00   9.7782107e-01  -6.6449492e-01  -8.1687577e-01
   2.0000000e+00  -2.4127876e-01   1.4111239e+00  -1.6351004e+00   1.4286452e+00  -1.8074286e+00   1.6503241e+00   8.6818473e-02  -5.9363751e-01  -8.1717088e-01  -2.3324509e+00
   2.0000000e+00  -2.5862586e-01  -2.4798681e-02  -3.3883645e-01  -6.8866363e-02  -1.0459227e-01  -3.2092929e-01  -1.3852370e+00   5.4634856e-01  -1.2390811e+00  -2.4278236e-01
   2.0000000e+00  -6.2938990e-01   1.7844946e+00   7.7518144e-01  -2.3473001e-01   9.5079937e-01   1.6649113e+00  -2.6459778e-01  -4.1560377e-01   1.5900856e+00   2.6631267e-01
   2.0000000e+00  -4.0770493e-01   7.3493271e-02   1.5336349e-01  -4.1579676e-01   3.9564141e-01   3.4801599e-01   1.9571466e-01   2.4811108e+00   1.7814386e+00   1.3585359e-01
   2.0000000e+00  -8.1292445e-02   4.4628202e-01  -6.1566089e-01  -1.9641048e+00  -3.0912491e-01  -1.8081890e-01   1.1243029e+00   1.2486281e+00   1.7306541e+00  -3.0576969e-01
   1.0000000e+00   1.4208293e-01   6.2769428e-02  -3.4169044e-01  -1.7225644e-01   1.6828025e+00  -1.7676298e+00  -1.5390449e+00  -4.8291883e-02  -8.1085865e-01  -1.1487669e+00
   2.0000000e+00   7.2893309e-01   1.3456683e+00  -5.6078532e-01  -1.4669939e+00  -1.8216833e+00   3.3340437e-01   1.1777863e-01  -2.8181241e-01  -4.6651893e-01  -2.0607846e-01
   2.0000000e+00   3.8496763e-01  -6.4259654e-01  -1.9700580e-02   2.6880137e-01   2.3570553e+00  -9.5992167e-01  -4.3524650e-01  -7.9841956e-01  -1.3504514e+00  -2.2315951e-01
   2.0000000e+00   5.2762936e-03  -1.6458740e-01   7.0316324e-01  -9.2467869e-01  -1.1784624e+00  -1.2015934e+00   5.1555520e-01  -1.1023568e+00  -1.0072690e+00  -3.4389534e-01
   2.0000000e+00  -2.0862004e-01  -4.0739944e-01   3.0311087e-01  -3.9259290e-01   1.2006595e+00  -1.8425626e+00   3.0218473e-01   1.5384017e+00  -3.2820850e-01  -5.0474484e-01
   2.0000000e+00   6.3316072e-01   7.5883780e-01   9.5854559e-01   2.9078184e-01  -6.0705387e-01   5.1621350e-01  -3.1265076e-01  -8.6479603e-01  -1.1802121e+00  -4.4129181e-01
   2.0000000e+00   8.9257916e-01   2.3655909e-01   8.8865071e-01   5.0584810e-01  -4.0229464e-01  -1.4297504e+00   1.2211610e+00  -1.6787386e+00   1.3632609e+00  -1.2400889e+00
   2.0000000e+00  -8.9222914e-01  -4.7156316e-01   1.1087263e+00  -1.2137756e+00  -1.8492058e+00  -1.4989000e+00   1.1451147e+00  -5.3504837e-01   3.4003559e-01   2.1416462e-01
   1.0000000e+00   1.6422151e+00   7.2781195e-01  -7.2582528e-01  -4.2205746e-01   1.2240051e-01  -6.6772852e-01   6.0877028e-02   3.1582314e-01   1.6637008e-02   4.2558552e-01
   2.0000000e+00  -1.6979474e+00  -5.8700247e-02   1.1838021e+00   5.5297300e-01   1.5428818e-01  -2.7405886e-01   9.7174187e-01   7.4071693e-01  -1.0876596e-01   1.3819932e-01
   2.0000000e+00   8.7074847e-01   3.0108559e+00  -5.3528755e-01   1.3233977e-01   3.1560753e-01   3.1992995e-01  -2.1201105e+00  -1.1481092e+00  -2.1415294e+00   1.2398497e+00
   2.0000000e+00   6.3396160e-01  -1.3574447e-01   7.8667359e-01   8.5690879e-02   7.3479987e-01  -1.1173260e+00   2.2357665e-01   1.3567653e-01  -1.1296516e+00  -7.0453233e-01
   1.0000000e+00   1.8928161e-01   1.5446079e-01  -3.0441925e-01   5.2807591e-01  -3.4635851e-01   1.0740023e-01  -1.3302344e+00   7.2563427e-03   8.2362548e-01  -1.9055769e-01
   2.0000000e+00  -5.6189746e-01  -5.1691057e-01   1.1180587e+00  -1.1042790e+00  -1.5324373e+00  -9.3986149e-02   1.1193322e+00  -4.1279578e-01  -3.0856255e-01  -6.7276988e-01
   2.0000000e+00   4.9010203e-01  -7.9929737e-02   1.4505664e+00   9.3711482e-01   5.9971667e-01  -8.1419024e-02   1.0514134e+00  -1.1324197e+00   1.7271066e-01  -6.6802866e-01
   2.0000000e+00  -2.2968086e+00   1.2314297e+00  -8.9669412e-01  -1.4898180e-01   1.9481841e+00   5.7432756e-01  -1.1564102e+00  -9.2402196e-01   9.2332435e-01  -3.4367921e-01
   2.0000000e+00  -5.1150818e-01  -1.7089388e+00  -4.9838143e-01   3.3322095e-01   2.3475543e+00   1.0836810e+00   7.1233289e-01   7.0358903e-01   3.7839315e-03   1.6261572e+00
   2.0000000e+00   1.5016360e+00  -1.4701237e-01   1.3225772e+00  -6.7892128e-01   1.3150551e+00   9.6380628e-01  -9.7496369e-01   4.4075435e-01   3.6726935e+00  -1.0098167e+00
   1.0000000e+00  -1.5318121e-01   1.0385102e-01   1.7089613e-02  -1.7499866e+00   5.9727406e-01   3.7256431e-02   7.4158317e-01  -3.3956023e-01   1.0359179e-01  -2.6411849e-01
   2.0000000e+00  -1.4447855e+00   1.6145610e+00   4.0747773e-01   1.3311089e+00   1.1679574e-01   1.7351456e+00   1.5033189e-01   1.6122386e+00   1.1622831e-01  -4.4073273e-01
   2.0000000e+00   5.5738379e-02   3.2933635e-01   1.2395857e-01   4.0634953e-01  -4.2086446e-01  -2.9895478e+00  -4.5361882e-01   7.4909476e-01   8.1778368e-01  -1.2847546e-01
   2.0000000e+00  -7.2378934e-01   7.3242118e-01   4.5924342e-01  -1.5277226e-01  -6.2973141e-01   4.4646461e-01   2.2386992e+00  -1.3526815e+00  -2.9201311e-01  -4.8716618e-01
   2.0000000e+00  -9.9724244e-02  -9.6183143e-01  -1.5559083e+00   8.0822054e-01  -5.3088965e-01  -4.7069981e-01   1.3884382e+00  -6.9925464e-01  -2.5095240e+00  -6.1643713e-01
   2.0000000e+00  -1.0978143e+00  -5.8366467e-01  -1.0443815e+00  -1.7382069e+00  -4.9078161e-01  -1.0786894e+00   8.3406892e-01   1.1198559e+00  -7.4713498e-01   4.2501319e-01
   2.0000000e+00   2.6115903e-02  -1.8689842e-01  -6.2711167e-01  -5.5302869e-01   7.3869953e-02   5.1376906e-01  -5.4381101e-01   1.1915166e+00   9.3447477e-01  -3.2736836e-01
   2.0000000e+00   2.3458600e-01  -1.4446286e+00   5.3611474e-01   1.1573141e+00  -8.6817274e-01  -6.7706336e-01  -9.7496872e-01   2.6754504e-01  -1.7820731e+00  -1.4463855e+00
   2.0000000e+00  -2.8976844e+00   1.6528433e+00  -2.3731895e-02   8.9832087e-01  -1.1269242e-01  -2.7388947e-01   1.4520481e-01   1.7833096e+00   1.3873604e+00  -2.7507504e-01
   1.0000000e+00  -1.2345982e+00   5.5258996e-02   1.4382780e+00  -8.1565358e-01   1.8625691e+00  -8.0867044e-01   1.8120873e+00   2.7958808e-01   8.0369519e-01  -5.4001264e-01
   2.0000000e+00  -9.3897731e-01  -8.4941483e-01  -1.6518339e+00   1.2371114e+00   4.6489342e-02  -1.0853163e+00   5.6941899e-01  -2.0028899e-01  -1.2948883e+00  -5.0718718e-01
   2.0000000e+00  -1.0830869e+00  -1.2688753e+00   8.2888289e-01  -5.8569906e-01   1.2239359e+00  -5.0258256e-01   8.1801333e-01  -4.3073324e-01   1.0326326e+00  -5.1420415e-01
   2.0000000e+00  -6.6056281e-01  -4.3192035e-01  -1.5147026e-01   1.2488835e+00   1.0774402e+00  -2.3001526e-01   1.1375844e+00   4.1107692e-01   1.7568353e+00  -2.3491785e-01
   1.0000000e+00  -1.0985210e-01   5.0211376e-01   8.2791339e-01   5.8279566e-01  -8.6928616e-01  -7.7883493e-01   9.1570226e-01   1.5254139e-01   1.8915776e+00  -8.1771816e-01
   2.0000000e+00   1.3430548e+00  -3.6355426e-01  -3.9041737e-01  -3.2011192e-01   1.3981755e+00  -1.8856525e+00  -1.1323646e+00  -6.7567851e-01   1.3519748e+00  -8.1201146e-01
   2.0000000e+00   1.0671853e+00  -1.0183947e+00  -4.3934873e-01  -6.1634547e-01  -2.2304318e-01   5.4358055e-01   6.3960324e-02  -3.5374901e-02  -4.5348428e-01  -3.0074977e-01
   2.0000000e+00   1.0193541e-01  -2.9404358e-01  -4.8432475e-01   7.4008760e-01   7.5741351e-01  -6.5130879e-01   2.2259750e-01  -1.2499632e-01  -1.3371519e+00  -2.8691983e-01
   2.0000000e+00   2.0217002e-01  -1.7388176e+00   1.1448995e-01   7.7951929e-01   1.3050945e+00  -9.1400472e-01  -1.3035528e+00   4.7525494e-02  -1.0091084e-01   5.3355881e-01
   2.0000000e+00  -5.1637279e-02   1.3895450e+00  -1.0705473e-01   1.0540031e+00   1.0867668e-01   2.0679920e+00  -1.8713776e+00   2.8025356e-01   1.2880973e+00   5.2873227e-01
   2.0000000e+00  -6.2186031e-01  -1.8544599e+00   1.6680961e+00  -6.2453836e-02  -1.6581381e+00   1.4761682e+00   1.0757045e+00  -9.4207806e-01  -1.9088803e-01  -1.6240128e+00
   1.0000000e+00  -4.9351927e-01   9.1872710e-01  -1.8000492e-03   5.9709151e-01  -5.8944910e-01   3.0035843e-01   9.1364615e-01   1.6236132e-01   5.3473160e-02   5.3252993e-02
   2.0000000e+00  -7.3869695e-01  -9.0375992e-01  -1.4964685e-01  -2.3032750e-01   1.5034282e-01   7.5405504e-01   3.3525627e-01   4.9003997e-01   1.0326249e+00  -1.3446154e+00
   2.0000000e+00   2.1407111e-01   1.0741994e+00   5.8717650e-01  -9.6803284e-01  -5.3298719e-01  -4.7397404e-01  -7.1649386e-01   1.6748145e+00   1.0939651e+00  -1.4798378e+00
   2.0000000e+00  -1.0725314e+00   1.0445324e+00  -2.1524002e+00  -5.0484870e-01   1.1699823e+00   1.1288210e+00   3.1654385e-01   1.3942840e+00   1.6968976e+00  -1.9094532e+00
   2.0000000e+00   3.6091785e-01  -1.1517927e-01  -1.1509147e+00   3.0920152e+00   9.7293821e-01  -3.3376391e-01  -7.6386687e-01   9.2552493e-01  -1.6645066e+00  -1.0188237e+00
   2.0000000e+00  -7.9499216e-01  -3.1079367e-01   1.0307945e+00   4.7275360e-01   9.8110006e-01   6.4146945e-01   1.4593447e+00   9.2058289e-01  -4.2787003e-01  -6.1736476e-01
   2.0000000e+00  -6.7946935e-01   5.3936436e-01  -3.4671524e-01   2.2360455e+00   2.3855220e+00  -1.0408480e+00  -2.2512528e-01  -1.9792673e+00   7.4446975e-01   1.0262885e+00
   2.0000000e+00   3.1417122e-01  -1.0098519e-02  -1.0784162e-01   9.3083320e-03  -8.3431460e-01   1.5460856e+00   1.3518115e+00  -9.8408235e-01  -1.4092245e+00   1.5142657e-01
   2.0000000e+00  -3.2696201e-01  -6.0413517e-01  -7.3422087e-01   1.3875734e+00  -8.9535057e-01   9.1575696e-01  -5.7369948e-01  -1.5897358e+00   1.0701231e-01   1.6854913e-02
   2.0000000e+00   7.1501517e-01  -1.3892325e+00   9.6567225e-01  -3.5264566e-01  -3.5721323e-01  -6.3338495e-01  -1.9066670e+00  -1.8330685e+00  -1.6435882e+00   9.8099149e-01
   2.0000000e+00   5.8541692e-01  -2.0494699e-01  -4.2581745e-01  -2.3066343e-01   1.1044551e+00  -2.3984769e-01   1.1771498e+00   1.8519769e-01   2.0412811e+00  -9.1345337e-01
   2.0000000e+00  -5.3695571e-01  -1.8628777e+00   3.3211518e-01   1.4267703e+00  -1.4588152e+00  -8.5570413e-01   1.3811796e+00   7.7225470e-02   6.7647470e-03   2.3370678e-01
   1.0000000e+00   1.7194270e-01   3.8544481e-01  -7.1839223e-01  -6.3207776e-01   2.9268642e-01  -7.8432061e-01  -9.8751154e-01  -3.2586846e-02   1.3466533e+00  -3.4228630e-01
   2.0000000e+00  -6.3111577e-01  -5.7935814e-01   1.1041012e+00  -2.5733017e-01  -3.5587559e-01  -3.7229376e+00   5.7383959e-01   1.5515970e+00   4.5637651e-01  -1.3525478e+00
   2.0000000e+00   1.4865811e+00  -1.5709945e-01   4.5221482e-01   6.6590074e-01  -8.4414601e-01  -1.1935626e-01  -1.6833993e+00  -3.8216272e-01  -9.3169857e-01  -8.4727110e-01
   2.0000000e+00  -1.4671143e+00  -7.1514035e-01   6.6130313e-02   2.6238727e+00  -5.2353921e-01   2.2738205e-02  -1.2980158e+00  -1.6302187e-01  -1.6814391e+00  -2.5750329e-01
   2.0000000e+00  -1.2966285e+00  -9.0784692e-01  -6.8245576e-01  -2.0029018e-01   3.1870381e-01  -2.3011163e-01  -1.3078268e+00  -1.9865399e+00  -1.8719465e+00  -4.4403387e-01
   2.0000000e+00   1.2467926e+00   3.2617824e-01  -2.1047997e-01  -2.1343432e-01   7.3342244e-01  -1.2059724e+00   6.2559096e-01   9.6119981e-01  -1.9635194e+00   9.2983774e-02
   2.0000000e+00   8.4960730e-01  -2.3548033e-01   1.8513839e-02  -2.3015148e-02  -4.6219344e-01   6.9687371e-01   7.7628242e-01  -6.0718304e-02   2.8723050e-01   2.0046945e+00
   2.0000000e+00   8.7920477e-01   1.6077702e+00   5.1929133e-01  -1.5848823e-01  -5.4855479e-01  -1.0560550e+00   1.5802846e-01  -1.3321913e-01   3.3087828e-01   1.0014996e+00
   2.0000000e+00  -3.2946883e-01   7.0482465e-01  -5.7197429e-01  -7.0769570e-01  -6.9999177e-01  -2.2127370e+00  -5.5501903e-01  -7.5424735e-01   7.6230062e-01   2.8915130e+00
   1.0000000e+00   2.7058525e-02   7.8837637e-01   4.3035228e-01  -9.8027694e-02  -1.5873438e+00   5.0956879e-02  -1.0376786e+00   1.9921193e-01  -1.0049598e+00  -6.4589165e-02
   2.0000000e+00  -2.9983160e-01   9.1911604e-01  -4.1300435e-01   1.9321213e+00   2.0150893e+00   1.5272335e+00  -2.6893777e-01  -4.4344184e-01   4.3849733e-01  -6.4981280e-01
   2.0000000e+00   1.6581720e+00  -1.4058010e-01   1.0569057e+00  -1.2004213e+00  -2.2339930e+00  -1.5570502e+00   2.0948521e+00   9.7338943e-01   1.6158113e+00  -5.3221161e-01
   2.0000000e+00  -1.9388286e+00   6.5475387e-01   2.6364289e+00  -2.8296855e-01  -1.1357306e+00  -9.1317051e-01   7.0513530e-01   1.1147927e+00  -4.7415401e-01   5.7764335e-01
   2.0000000e+00  -2.2241352e-01  -1.8196911e-01   1.3230987e+00   1.2336800e+00  -1.4403271e+00   1.0278403e+00  -9.1743474e-01   1.0663393e+00   1.3175131e+00   7.7563192e-01
   2.0000000e+00   1.0351720e+00  -5.5532572e-02  -3.8489758e-01   1.7486698e-01  -1.6235312e+00  -1.5414153e-01   4.9503569e-01   1.3197357e-01  -9.6299719e-01  -5.1854958e-01
   1.0000000e+00   1.5144926e+00   7.7896879e-01  -1.2279987e+00   2.4057079e-01   1.0428506e+00   1.1099514e+00  -1.7394404e+00  -3.8819121e-01  -1.1719653e+00  -4.5351022e-02
   2.0000000e+00   1.3502062e+00  -4.0251751e-01  -1.1178675e+00   6.1798931e-01   9.7567841e-01   2.9092765e-02  -5.2633121e-01  -2.7497501e-01   1.2067161e+00  -7.1016186e-03
   1.0000000e+00   3.5964523e-01   8.7718094e-02   8.5756360e-02  -8.3193745e-01   1.6249117e+00   1.8245013e+00   9.2262418e-01  -7.7250550e-01   1.3283667e+00  -1.5970392e+00
   1.0000000e+00  -1.1271432e+00   7.3120411e-01  -1.1693384e+00  -2.4057504e+00   2.2242628e-01   4.3984536e-01  -3.8606708e-01  -1.0168880e-01  -1.0632352e+00  -3.3044779e-01
   2.0000000e+00   9.8094166e-02  -1.3970357e+00   9.7332500e-01   3.0050675e-01   4.2667707e-01   1.3591521e+00   5.7655075e-01  -7.5386725e-01   6.2394515e-02  -4.6120982e-01
   2.0000000e+00  -8.0682169e-01   1.4404006e+00   7.1147760e-01  -1.2816662e+00  -4.7600011e-02   7.5871838e-01  -5.4704227e-01   8.7392401e-01   1.8384900e+00  -4.5238764e-01
   2.0000000e+00  -1.7767715e-01   7.2444284e-01   1.8288337e-01  -8.7717211e-02  -8.2744120e-01   1.8654121e+00  -8.3852399e-01   1.5445913e+00  -1.3566328e+00  -6.7079408e-01
   2.0000000e+00  -5.0033262e-01  -7.6982627e-02  -9.7249137e-01   8.1308780e-01   1.3765536e+00   1.2602188e+00  -1.0656289e+00   5.2271617e-01  -3.7669205e-01  -1.7674082e+00
   2.0000000e+00  -3.5533154e-01  -1.7252999e+00  -3.8004958e-01   3.8980598e-01   1.9556424e+00  -1.1051567e+00  -1.0888628e+00  -6.6095547e-01   4.3532688e-01  -5.3545355e-01
   2.0000000e+00  -2.4030373e-01   1.2746889e+00   1.4354005e+00  -1.3983329e+00   3.4062811e-01   8.4849521e-01   2.0385528e-01   1.9269545e-01   2.4783629e-01  -9.5068127e-01
   2.0000000e+00   8.7364004e-01   8.5985480e-01   1.2686297e+00   8.3678966e-01   4.4182592e-01  -1.5166230e+00   5.0181875e-01   8.4390390e-01  -7.0052045e-01  -3.4511961e-01
   2.0000000e+00  -8.5504653e-01  -1.6763952e-02  -4.6491781e-01  -7.9740526e-01   5.9823627e-01  -6.2032189e-01  -6.4931218e-01   7.3178443e-01  -1.7858334e+00  -2.5362057e+00
   2.0000000e+00  -6.8239285e-01  -5.3482725e-01  -1.1823544e+00  -1.4043950e+00   2.4022261e-01   2.5476291e-01  -1.4780115e-01   3.2551920e-01   8.6349649e-01   9.2257043e-01
   2.0000000e+00   4.1260006e-01   5.2457931e-01   6.8019234e-02   1.7078605e-01   1.2930461e+00   9.7179509e-01   1.8988227e+00   9.5295942e-01   9.8122731e-01  -1.1071503e-02
   2.0000000e+00   1.6644586e+00   6.8710461e-01   8.7894642e-01  -2.4558124e-01   3.9649894e-01   1.0471856e-01  -1.0664976e+00  -8.1375339e-01   4.8308182e-01   1.1836753e+00
   2.0000000e+00   3.7568459e-01  -2.2161749e-01  -6.0168596e-01  -5.9147238e-02  -1.5002517e+00  -8.6314011e-01   9.7988230e-01  -4.7157716e-01   9.7402645e-01   4.3707781e-01
   2.0000000e+00   2.9174598e-01  -8.1185505e-01  -1.5076502e+00   8.0273805e-01   6.1383032e-01   8.3287013e-01   7.3260248e-01   1.3015911e-01  -3.2286834e-01  -9.4426898e-01
   1.0000000e+00   1.3906544e-02   1.5961669e-01  -4.1801905e-01  -5.5701988e-01  -1.5238051e+00   2.8352287e-01   4.9162737e-01  -7.8164365e-01   1.7538359e+00   3.5264923e-01
   2.0000000e+00  -8.3146150e-01   1.8058930e+00  -7.1855502e-02  -3.3112515e-01   5.9253166e-02   5.5857994e-01  -5.4299985e-01   1.8209651e-01   1.3809595e-01  -1.3455233e+00
   2.0000000e+00  -9.9499283e-01  -4.2560313e-01  -1.7035508e+00   1.8705110e-01  -2.2561981e+00  -5.2198415e-01   2.0717145e-01  -5.6246708e-01   9.9833569e-01  -2.8855003e-01
   2.0000000e+00   7.3503247e-02  -6.2863713e-01  -8.7209931e-02   3.6641877e-01   4.5130586e-01   6.8693694e-01   6.3448838e-01   4.0084568e-01  -1.1424635e-01   1.7189256e+00
   2.0000000e+00   1.2502739e+00  -3.4775657e-01  -1.1380490e+00   1.1874149e-01   1.0794992e+00   3.5110748e-01  -8.9023046e-01   2.1640394e+00   7.3810944e-01  -4.2414764e-01
   2.0000000e+00  -7.7957637e-01  -2.4838540e-01   5.1908100e-02   5.4938472e-01  -1.3073177e+00   3.4829477e-01  -1.2170354e+00   1.0461867e+00   1.8296073e+00  -1.1464876e+00
   2.0000000e+00   4.4309410e-01   7.0996183e-01   1.0095303e+00   8.3376183e-02  -1.1342387e-01   1.5644260e+00   5.0419315e-01  -7.0857967e-01  -1.3200431e-01   1.3978544e+00
   1.0000000e+00   6.1501658e-01   1.5413837e-01  -9.5379635e-01   1.8077119e-01   1.1024542e+00   3.6110908e-01  -6.3597246e-02  -6.0350328e-02  -1.3050421e+00  -4.4264533e-01
   2.0000000e+00   1.3605216e+00   1.0368299e-01   7.9609558e-01  -3.9581502e-01   2.3672025e+00   1.0450084e-01   8.9662583e-01  -1.1714782e+00   9.0526779e-01  -6.9384284e-01
   2.0000000e+00  -4.5055852e-01  -5.9062881e-01  -1.3511306e-01  -4.1198476e-01  -1.0227604e+00  -1.1082631e+00   6.7762948e-02  -7.7053470e-01  -1.0121797e+00  -2.4150087e+00
   2.0000000e+00  -6.9739075e-01   2.2657517e+00   2.5843484e-01   8.5214977e-01   1.2073792e+00  -9.7187689e-01  -1.8602725e-01   7.7936876e-01  -6.1728175e-01  -8.5283213e-01
   2.0000000e+00   1.6046154e-01  -2.0081966e+00  -1.4397088e-02   6.4298993e-01   8.8543970e-03   9.4343508e-01   1.6537689e+00  -7.7535068e-01  -1.0494962e+00  -4.3418783e-01
   2.0000000e+00  -7.3791570e-01  -6.2521755e-01   1.4001838e-02  -5.0870817e-01  -7.0082647e-01   8.7207149e-01   8.9127910e-01   8.4554830e-01  -4.6487030e-01  -1.9274869e+00
   2.0000000e+00   2.4509210e-01  -1.6782824e+00   6.1216927e-01   1.7430266e-01   4.0105732e-01   5.0463718e-01   2.4442876e-01   6.8658018e-01  -3.3501401e-01   2.0818645e+00
   2.0000000e+00  -5.2367220e-02   1.1419689e+00   4.5718171e-02   1.4631545e+00  -8.5251996e-01   1.1161636e+00  -2.3066192e-01   1.3059734e+00  -3.9307949e-01   1.8014040e-02
   2.0000000e+00  -5.5047272e-01  -6.9730512e-01   6.6394503e-01  -9.3701027e-01  -1.0779832e+00   6.8721599e-01   7.7562917e-01   5.8210136e-01  -7.0855507e-01   4.7930909e-01
   2.0000000e+00  -4.5808551e-01   1.1988289e+00  -1.6501279e-01  -2.1035333e+00  -1.6166091e-01  -3.2775709e-01   1.2667200e+00   4.9263387e-01  -7.5633583e-01  -9.2357704e-01
   1.0000000e+00  -6.4949186e-01   3.4178996e-01   3.0125168e-02   1.0761322e+00  -3.3964464e-01   1.0825562e+00  -3.4109608e-01   9.5839032e-02   1.2831191e+00  -1.0779321e+00
   1.0000000e+00   5.0200871e-01   8.8238798e-02   2.8449716e-01   1.6241046e+00  -1.6985207e-01  -6.1404495e-01   2.1578043e-01   6.4772162e-01  -2.4770621e-01  -9.3765265e-01
   2.0000000e+00  -2.6949756e-01   1.2309714e-01   5.0592156e-01  -1.3635689e-02  -8.5228042e-01  -1.0730982e+00   5.8345733e-01   1.6215223e+00   3.6490479e-01   8.8193362e-01
   1.0000000e+00  -2.3635132e-01   2.5113811e-01   8.7323801e-01   3.8339046e-01   5.4054888e-01  -4.9188133e-01  -5.4808284e-01   4.9877227e-01  -8.5351115e-02  -3.6521988e-02
   1.0000000e+00  -1.2962337e+00   1.4686623e-01  -1.7057636e-01  -1.9009040e+00  -8.4477707e-01   5.0393990e-01  -1.0819890e+00  -4.8138531e-01   1.2039919e+00   2.3116505e+00
   2.0000000e+00   2.0254253e+00   2.0310706e+00  -1.3138169e+00  -1.5957659e+00   7.3656246e-01  -8.1138237e-01   7.5267852e-01   3.1555656e-01  -1.0772292e+00   4.7008765e-01
   2.0000000e+00   4.8651565e-01  -1.5580039e+00   6.8966926e-01   7.5829709e-01  -1.0658137e+00   1.8028769e-01   2.6454950e-02   1.9537055e-02  -5.2738817e-01  -1.1601707e+00
   2.0000000e+00   1.0113666e+00  -5.9987644e-01  -4.1378870e-03  -1.9196953e-01   4.0581057e-01   8.6835885e-01   1.0041195e+00   6.9005781e-01   2.6315377e-01  -1.0934798e+00
   2.0000000e+00   7.6295078e-01   1.9258113e-01  -8.2858841e-01   1.1216269e+00  -3.5435586e-01  -4.6355780e-01   7.3120772e-01  -1.1592896e+00  -1.1434446e+00   2.9117353e+00
   2.0000000e+00  -1.1455947e-01  -3.4727408e-01  -4.9392978e-01  -2.9158932e+00   8.4751013e-01   8.2360748e-01  -6.3342882e-04   1.8971809e-01   5.6026655e-01  -5.7096853e-02
   2.0000000e+00  -8.4395589e-01   3.0919940e-01  -2.6800703e-01  -1.3487212e+00   4.0955467e-01   3.0886313e-01   1.1472281e+00  -1.6494385e+00  -5.6649034e-01   3.9209933e-01
   1.0000000e+00   6.3795592e-01   1.8995296e-01   1.2509025e+00   3.4139357e-01  -6.8330509e-01  -7.0086663e-01   1.9866733e-01  -4.3752560e-01   1.2110888e+00  -6.7367029e-01
   2.0000000e+00   1.6239793e-01  -1.4430624e+00  -5.1374365e-02  -1.1536566e+00   2.0655573e+00  -1.0637702e+00   1.5293094e-01  -6.6715852e-01  -7.0642486e-01   8.6348688e-01
   2.0000000e+00  -6.7735848e-01  -1.2193703e+00  -1.0184326e+00  -2.1558457e-01  -3.1283239e+00  -1.3262227e+00  -3.2472069e-01   1.9064535e+00   2.9417966e-01  -1.5383581e+00
   2.0000000e+00   1.5325465e+00   5.2389259e-01  -3.5945900e-01  -4.7604503e-01  -5.0926077e-01   1.5752656e+00   9.2128135e-01  -1.7216657e+00   9.3926694e-01   1.2105640e-01
   1.0000000e+00  -7.6488915e-01   4.4440031e-01   1.0886461e+00  -7.4665997e-02  -1.0293807e+00   3.6277599e-01   1.0520476e+00   1.6879560e-01   1.5356802e+00   5.2434066e-01
   2.0000000e+00  -7.6029790e-01  -2.1043612e+00   7.1347638e-01  -6.5162539e-01   1.5757932e+00   9.0238459e-01   3.3105578e-01   9.1590886e-02  -8.9092818e-01  -7.9091224e-01
   1.0000000e+00   2.7440037e-01   5.5377385e-01   2.8044758e-01  -1.4093846e-01   1.4493346e+00   1.4980394e-01  -8.7313871e-01   7.0466483e-01  -1.5339954e-01  -3.9833692e-01
   1.0000000e+00   7.0748367e-01   2.1379635e-02   1.2508815e+00   7.1060778e-02  -1.1344313e+00   7.3990804e-01   6.9718979e-01  -3.0136449e-02   8.8032700e-01   3.0857090e-01
   2.0000000e+00  -2.7902890e-01  -8.4337488e-01   4.4579981e-01   2.7994071e-01   8.4102225e-01  -7.7833360e-01  -4.8171123e-01   8.1788679e-01  -3.2806662e-01  -1.6709966e-01
   2.0000000e+00   7.4803292e-01  -1.2377187e+00   4.9380514e-01   1.2849124e+00   4.5170711e-01   3.8746729e-01  -5.1425368e-01  -5.7767691e-01  -1.5980046e+00   9.9631594e-01
   2.0000000e+00   2.9771962e-01  -9.6052052e-01  -1.2251942e+00   1.9715759e-01  -2.9479041e-01  -6.9397840e-02   9.0233826e-01   1.3393530e+00   1.7897961e+00   1.4951601e+00
   1.0000000e+00   1.6591121e-01   2.4951011e-01  -5.6331664e-01   3.8552501e-01  -1.7797952e+00   5.4956889e-01  -5.0184224e-01  -1.3131929e-01   4.8753199e-02  -1.8551572e+00
   1.0000000e+00   1.1149526e-01   2.6702050e-01   1.3990027e+00   8.7481983e-01  -1.9992031e+00  -8.4781894e-02   1.0791620e+00   2.7995288e-01   1.1458411e-01   6.0462605e-01
   2.0000000e+00   1.0234307e+00   1.4887281e-01  -3.2498585e-01  -7.4265532e-01  -1.4024342e+00   1.8455238e+00   3.3694739e-01   1.6250353e+00  -2.5096258e-01  -1.0449917e+00
   2.0000000e+00   1.9238849e-01  -6.0506610e-01   2.2852894e-01   1.7412565e-01   1.0166691e+00  -9.7063664e-01  -7.1553554e-01   2.0229628e+00  -1.2597387e-01  -1.5572127e+00
   2.0000000e+00   1.6449306e+00   1.0578844e+00  -1.6913139e-01  -2.9769777e-01   9.9069666e-01   8.5905277e-01  -2.0713672e+00  -8.4108391e-01  -3.6877011e-01   2.1641068e-01
   2.0000000e+00   1.0519346e+00  -7.9897370e-01  -4.0218196e-01  -1.0131590e+00  -1.0080021e-01  -1.2277446e+00   1.3926347e+00  -1.3262031e-01  -7.9629505e-01  -5.1912254e-01
   2.0000000e+00  -1.0614426e+00  -4.5833695e-01  -1.0586230e+00  -3.0094148e-01  -1.4897950e-01   1.7616752e+00  -2.5233094e-01   4.2896339e-01   7.8606194e-01   1.0403517e-01
   1.0000000e+00   1.5719406e+00   4.6193158e-01  -6.2049279e-01   3.5032308e-01  -1.0738527e+00   2.5896969e-01   1.1871380e-01  -5.2930133e-01   6.9312365e-01  -1.5104254e+00
   2.0000000e+00   4.8605098e-01   8.2712337e-01  -5.5346920e-01   2.0071307e+00  -8.3557821e-01   1.5575701e-01  -1.6405420e+00  -1.2828627e+00   6.9345143e-01  -2.0768151e-01
   2.0000000e+00  -7.0979359e-01   1.3908743e+00  -8.5654598e-01   9.5505730e-01  -5.4073807e-01  -1.1455400e+00  -7.3781360e-01  -1.9238702e+00   6.7090875e-01   1.3180445e+00
   2.0000000e+00   3.5275611e-01  -1.2786869e+00   1.0628413e-01  -1.4297169e-01   2.1235318e+00  -3.7657014e-01  -3.1824629e-01  -8.2855327e-01  -4.6916457e-01   1.5610801e-01
   2.0000000e+00  -6.9008207e-01   6.1526362e-01  -9.4043603e-01  -1.0044572e-01   6.6506064e-01  -7.5513791e-01   7.7955861e-01  -9.0687089e-01   1.1954212e+00  -7.6543263e-01
   2.0000000e+00  -5.6007593e-01  -6.1528921e-01  -6.7977420e-01   1.5535463e+00  -2.8206961e-01  -2.3021065e-01  -2.1388778e+00   8.5289938e-01  -2.7533488e-02  -4.9077822e-01
   2.0000000e+00   2.0881017e-01  -4.0550604e-01  -1.1045166e+00  -4.5236533e-02  -1.5108352e+00  -1.2715902e+00  -4.7195662e-03  -4.8843520e-01   6.2121115e-02  -3.7188534e-01
   2.0000000e+00   7.9776370e-01  -3.3791831e-01   1.2102804e+00  -1.2517858e+00   1.0324355e+00  -1.2291289e-01   1.1405327e-01   1.3901240e+00  -4.7362084e-01   2.6876147e-01
   2.0000000e+00   1.0465288e+00   7.7187791e-01  -1.1830656e+00   9.3286999e-01   9.1437863e-02   1.3614241e-01  -1.7017739e+00   1.5680905e+00  -1.1124420e+00  -3.4006622e-01
   1.0000000e+00   1.1069409e+00   6.0380014e-02   1.4692861e+00  -1.0651557e+00  -6.8357396e-01   2.1484493e-01  -6.2527567e-01  -4.9381718e-01  -2.1627059e-01  -8.9997078e-01
   2.0000000e+00   6.0517274e-01  -7.1085970e-01   2.0433716e+00  -9.3041381e-01  -1.2276468e+00  -7.1131427e-01   8.3954827e-01   4.8063994e-01   1.0296740e+00  -9.3396936e-02
   2.0000000e+00   4.5570744e-01   1.2322426e+00  -3.3064307e-01   4.2413015e-01   1.0516611e+00   3.0393918e-01   3.4375064e+00   1.7982082e-02  -1.4528559e-01   2.7261785e+00
   1.0000000e+00   1.7594739e-01   2.5182258e-01   6.1580933e-01  -7.1681166e-02   2.4291141e-02   1.9677520e-01  -9.0665834e-01  -2.5966421e-01   5.5465159e-01  -6.8402267e-01
   1.0000000e+00  -9.2113425e-01   3.7528221e-01   4.8670090e-01   8.1546606e-01  -5.2537276e-01  -2.8085421e-01  -5.2836514e-01  -6.1756090e-01  -1.3213575e-01  -2.9718598e-01
   2.0000000e+00  -1.2540495e-01   6.5860875e-02   1.1443652e-01   2.4443008e-01  -4.4644762e-01   5.4637958e-01  -9.4443602e-01   1.2589880e+00  -9.6442645e-01   8.6256913e-01
   2.0000000e+00   3.1348387e-01  -6.4666414e-01   1.1880097e+00  -8.2976192e-01  -1.1115541e+00  -9.4860960e-01   1.8449071e-01   8.7938034e-01  -1.0346252e+00  -3.5255767e-02
   2.0000000e+00  -4.3015553e-01   1.1526397e+00   1.4124270e+00   1.6879331e+00   4.1621442e-01   2.5894871e-01  -2.2753225e+00  -1.5313156e+00  -6.6946276e-01   1.5658529e+00
   1.0000000e+00  -1.1105655e+00   5.1265878e-01   1.2492154e+00  -1.0850934e+00   3.4536988e-01   1.2477014e-01  -1.2208772e+00  -2.9859260e-01   1.6969436e+00   1.8577585e+00
   1.0000000e+00   1.7044600e+00   7.9343570e-01  -4.4596916e-01  -4.9152587e-01  -1.1395960e+00  -6.2939004e-01   4.9590171e-01   3.6343074e-01  -2.3222220e-01   1.5188273e+00
   2.0000000e+00  -1.2549294e+00  -4.3796643e-01  -1.0467589e-01   8.3221914e-01   7.1221084e-01   1.1379209e+00   7.1718928e-02  -2.3868465e-01  -1.0342952e+00  -5.3440731e-02
   2.0000000e+00  -3.0585025e-01   1.7821432e+00  -1.5198679e+00   2.6208186e-01  -2.1984526e-01   3.7287531e-01   7.2169136e-01   8.6669654e-02   7.0455634e-01  -2.0011150e+00
   1.0000000e+00   2.1935939e+00   6.3234034e-02   8.0590621e-01  -2.6866946e-01  -3.4697934e-01  -2.7950476e-01  -3.4121277e-01   8.9195165e-01  -6.7765686e-01  -1.1917247e+00
   2.0000000e+00   6.0886483e-02   1.3383236e+00  -7.1775007e-01   1.3240724e+00   3.0575104e-01   6.5000125e-01   3.3304984e-01   6.7771751e-02   4.7510684e-01   1.0700550e+00
   2.0000000e+00  -1.5661806e-01  -5.3551665e-01  -8.6714690e-01   1.1533170e-02  -2.1600846e-01   6.9023773e-02   2.6154487e-01   2.7133142e-01  -2.4948407e+00   3.3276834e-01
   2.0000000e+00  -1.0161843e+00  -6.9079929e-01   1.6473338e+00   1.3545542e+00  -1.2924873e+00  -1.7005072e+00  -2.9394361e-01   1.4312340e+00  -1.2504672e+00   1.0173502e+00
   2.0000000e+00  -7.4029427e-01  -1.4042629e+00  -1.5361571e+00  -9.9007456e-01   1.3238997e+00  -3.8395923e-02   1.4612644e+00   3.0425424e-01  -3.7956795e-01  -8.8965879e-01
   2.0000000e+00   4.1013092e-01   1.0838799e+00   8.8138082e-01  -2.9462521e-01  -4.7130995e-01  -5.9730418e-01  -3.5174793e-01  -1.5648761e+00  -7.0576415e-01  -4.8795832e-01
   1.0000000e+00   1.5325848e-01   3.3592852e-01   3.3120943e-01   3.0228328e+00   7.7250853e-01   4.8979700e-01  -9.8631256e-01  -3.9437387e-01  -9.1142887e-01  -7.3365848e-02
   2.0000000e+00   5.1408928e-01   9.9213487e-01  -5.8194717e-03   9.1893342e-01   3.0060025e-01  -4.7204922e-01  -9.0430021e-01  -1.9434510e+00  -1.3332187e+00  -1.1449235e+00
   2.0000000e+00   8.9035101e-01  -1.7288427e+00   9.3782980e-01   1.1786066e+00   9.0394665e-01  -2.1759616e-01  -2.7098364e-01  -6.2784506e-01  -2.5490091e-01   1.3765983e-01
   1.0000000e+00  -1.0978021e+00   7.5010832e-02   2.2124398e-02   6.9422064e-01  -1.0365950e+00   8.0036317e-01   1.0271456e+00  -9.5402183e-01   2.3202586e-01   1.7109037e+00
   1.0000000e+00   1.9651625e+00   4.1262719e-01   1.4224865e+00   6.2792655e-01   5.1836952e-01  -2.7123626e-02   3.0934974e-01  -3.3129894e-01   5.5389016e-01  -2.2346388e+00
   2.0000000e+00   7.2853587e-01  -5.5703146e-01  -1.0335338e-01  -1.4650635e+00  -2.7801917e-01  -7.2108288e-01  -5.9147998e-01   1.5483917e+00   3.0809086e-01  -1.6616767e+00
   2.0000000e+00   9.9486808e-01   2.7699582e-01   8.0608699e-01  -1.2153564e+00   1.3029315e+00   2.6215184e-01   1.0470619e+00  -1.3905355e+00   1.1405643e-01  -4.6905745e-01
   2.0000000e+00  -1.9041893e-02   1.5823714e+00   2.0224194e-01   4.3211345e-02   8.6790172e-01   9.3187788e-01   5.2823806e-01  -5.4173256e-01   2.2795008e-01   1.3240417e-02
   2.0000000e+00  -4.5626658e-01  -7.8971915e-02   5.7025582e-01   3.1705231e-01  -1.5356972e+00  -5.4294571e-01   4.8620863e-01  -3.0940964e-01   1.2638194e+00  -1.8172405e+00
   2.0000000e+00   7.1285603e-02  -5.9004284e-01  -6.6991899e-01  -3.1719077e-01   9.7687749e-01  -2.9243379e-01  -2.4878063e+00   3.2659895e-01  -2.8914364e-01   1.5660531e+00
   2.0000000e+00   1.7679143e-01  -9.5377125e-01   3.3822023e-01  -1.8502340e+00  -5.2760345e-01   1.9145484e-01   8.1590346e-01  -1.8684099e+00  -1.3041847e+00   9.0041516e-01
   2.0000000e+00  -1.0069779e+00   1.6069238e+00   5.1747017e-01   5.4426643e-01   1.0570955e+00  -1.4304593e-01  -1.1311689e+00   1.1276190e+00  -9.4727813e-01  -3.8648873e-01
   2.0000000e+00  -8.7439124e-01  -7.6059095e-01   3.2762846e-01  -9.9153761e-01   1.3423412e+00  -1.2883976e+00  -8.0392460e-01  -2.0774163e+00   1.9837749e+00  -1.8058770e-01
   2.0000000e+00  -1.2022985e+00  -1.2812065e+00  -1.7055405e+00   6.3756087e-01   9.2638626e-01  -1.9170157e-01   1.2838231e+00   8.8518389e-02   6.4919465e-01  -5.0253038e-01
   1.0000000e+00  -2.0478078e+00   5.7742830e-01   5.2052803e-01  -1.5748510e+00  -2.7258605e-01   1.2001679e-02  -5.0747975e-01  -5.5870678e-01  -4.4664808e-01  -6.5112498e-01
   2.0000000e+00   1.2623446e+00   1.6659577e+00   8.3911914e-02   9.3458548e-02  -1.9513546e-01   4.3219864e-01   1.4286349e+00   5.6161896e-02   1.4170231e+00  -4.4442483e-01
   2.0000000e+00  -7.3304487e-01  -1.3478028e+00  -1.1618434e+00  -9.1648519e-01  -2.7408961e-01  -1.7163936e+00  -4.3168152e-01  -2.9022603e-01  -1.3801204e-01   1.3763632e-03
   1.0000000e+00  -4.0248964e-01   1.7376171e-01  -1.1168933e-01  -1.1515753e+00  -1.0495988e+00  -3.9782550e-01  -1.2093362e+00  -1.0440167e-01  -8.5216534e-01  -9.6442479e-01
   2.0000000e+00  -1.3165521e+00   2.2087692e+00   9.6842473e-01   8.7576368e-01  -3.8005117e-02   8.0027021e-01  -1.0852880e-01  -5.3853820e-01  -5.3851041e-01   7.3251230e-01
   1.0000000e+00  -9.8264226e-01   4.7388796e-01   1.4723876e-01  -1.6655985e-01   2.3061417e-01  -7.5133321e-01   1.0749194e-02  -3.8495868e-01   1.2842243e-01  -6.8724191e-02
   2.0000000e+00  -1.5506315e-01  -8.8081717e-01  -9.4406241e-01   3.2205342e-01  -2.6335638e+00   3.1625134e-01   1.3984700e+00   1.0829563e+00   1.5424178e+00   9.8828807e-02
   1.0000000e+00   2.1202972e-01   9.5274829e-02  -6.8094322e-01  -3.5801485e-01   8.0200972e-01  -2.0831394e-01   4.7196509e-01   8.1873316e-01  -7.4718683e-01   7.6005605e-01
   2.0000000e+00   3.1455045e-01   1.3556267e+00  -2.0223406e+00   1.7094592e-01   1.1737806e+00  -2.7002370e-01   1.0048668e+00   1.8013549e-01   7.9086045e-01   1.7635148e+00
   2.0000000e+00  -7.9442970e-01  -6.7633839e-01  -1.0065337e+00  -7.5381752e-01  -1.3805855e-01  -5.3640808e-01  -4.7735031e-01  -4.5559952e-01  -1.1456073e+00  -1.8445048e-01
   2.0000000e+00  -8.4742355e-01  -2.1143290e+00   1.5600767e+00   1.1919584e+00   1.2500814e+00  -1.4361236e+00  -5.5196062e-01  -4.0483921e-01  -3.5440758e-01   5.9843814e-01
   1.0000000e+00  -7.9661898e-01   4.9649821e-01   3.7852329e-02  -7.1248031e-02  -5.0078557e-01  -2.0907487e-01   2.7796231e+00   1.3864627e-01   2.6828599e+00   4.8949349e-01
   2.0000000e+00  -4.5803940e-01   8.8746686e-01  -3.5059180e-01   7.4060086e-01   4.1941471e-01  -1.1789486e+00  -1.0547529e+00  -1.7418475e+00  -2.2688815e-01   1.3252541e-01
   2.0000000e+00   1.6434821e-02  -1.8419715e-01   1.0875004e+00   1.3802126e-01  -6.5575739e-01  -1.0284373e+00  -5.3139333e-01   1.3667765e+00   1.3028474e+00  -6.7880308e-01
   2.0000000e+00   6.2741122e-01  -2.3665972e-01   3.0846758e-01   1.3514653e+00  -1.2128097e+00   1.4168965e-01   1.3968314e+00  -5.8353448e-01   1.2230577e-01  -3.9728632e-02
   1.0000000e+00   5.0264051e-01   3.2477992e-01  -4.9251475e-01   3.3816490e-01  -4.3074956e-01   8.7502501e-01   3.7999241e-01  -8.4444030e-01  -1.8520662e+00   2.5855991e+00
   2.0000000e+00   1.1143239e+00   1.5956373e+00   8.7835776e-01   1.1603470e+00   1.0689152e-01   5.2927319e-01   6.2251787e-01   1.7130705e-01  -1.5596466e+00   3.1769196e-01
   2.0000000e+00  -1.9385718e+00   4.8524018e-02  -8.5975865e-01   1.4932884e+00   6.7631535e-01  -1.4166575e+00   2.4994181e-01  -1.9312072e+00   1.2469177e+00  -2.0788711e-02
   1.0000000e+00   2.4997955e-01   4.1142185e-01  -2.4589111e-01  -1.3739933e+00  -1.0125219e+00  -1.8050590e+00  -1.0278324e+00  -1.4933673e-01   3.4104030e-01  -1.0636081e+00
   2.0000000e+00  -6.8525877e-01  -1.9564475e-01  -9.2744802e-01  -4.4194038e-01   1.5286164e+00  -6.1550246e-01  -4.1118411e-01  -4.8793355e-01  -3.6035997e-01   1.3482267e-01
   2.0000000e+00  -1.8285790e+00  -3.5252961e-01   8.4129660e-01   8.2933518e-01  -6.2640641e-02  -1.5429310e-01  -1.5763615e+00  -6.0048749e-01   1.1226070e+00   1.5992857e+00
   2.0000000e+00  -8.4609827e-01   1.4990628e+00   8.8555634e-01  -8.8477031e-01  -3.2560231e-01  -1.4097921e-01  -9.4221312e-01  -1.1057381e-02  -9.3280180e-01  -3.1301729e-01
   2.0000000e+00   1.8019829e-01  -8.2924756e-01   5.4580098e-01  -6.4052421e-01  -6.9478370e-01   4.3062882e-01  -5.4006762e-01  -1.2797794e+00   9.3154428e-01   1.8144174e-01
   2.0000000e+00  -4.2512630e-01   2.1019459e+00   4.9763707e-01   9.4166822e-01   4.1147916e-01   3.5535441e-01   7.9536399e-01  -1.2165847e+00   7.5740251e-01   2.3373989e-01
   2.0000000e+00  -8.2479839e-01   5.3559925e-01  -5.0509860e-01  -4.5367740e-01  -1.7133854e+00   5.6176592e-02  -2.0794748e-01   1.6594306e+00   1.1741457e+00  -1.6035654e+00
   2.0000000e+00  -7.3792206e-01  -2.2022594e+00   2.5581454e-01   1.1533795e+00   1.3065653e+00  -4.7125332e-01   1.6804853e-01   1.0643624e+00   6.6812976e-01   3.9512849e-01
   2.0000000e+00   3.0834668e-02   1.8691227e+00   5.8111037e-01   5.6718541e-02  -2.5889435e-01   2.6714670e-01   4.3809906e-01   3.1571298e-01  -2.1383514e+00   5.3024705e-01
   2.0000000e+00   1.0700587e-01   2.4237594e+00  -1.9352482e-03  -2.3828448e-01  -8.8868100e-01   8.1886619e-01   1.1062011e-02  -6.4085310e-01  -1.4584093e-01   6.5535477e-01
   2.0000000e+00  -2.3132467e+00  -1.1072503e+00   8.5672648e-01   9.2981008e-01   1.0731817e+00  -1.0295726e+00   4.4843146e-01  -3.0272128e-01   6.8206395e-01   7.4525379e-01
   2.0000000e+00   7.5123553e-01  -3.2272762e-01  -1.5549781e+00   1.7354427e+00   6.5136357e-01   4.8223510e-01  -6.9043637e-01  -1.0102017e+00  -1.1620644e+00   4.8846193e-01
   1.0000000e+00  -3.5032928e-01   5.1074881e-01  -6.1585233e-02  -1.6419318e-01  -4.2018041e-01   3.5101981e-01  -7.6450930e-01   1.2430561e-01   1.8323748e+00   3.0145337e-01
   2.0000000e+00   2.5868678e-01  -3.5566600e-01  -2.4987701e-02  -4.0659375e-01   5.9196644e-01  -1.1836118e+00  -3.8374446e-02   3.3316911e-01  -1.0218594e+00   6.0935279e-01
   2.0000000e+00  -1.9762762e+00   4.0160271e-01  -5.2455397e-01  -2.9574548e-01   3.6090067e-01   4.8661411e-01  -2.0926103e+00  -1.7396800e+00  -1.3822692e+00   4.2642515e-01
   2.0000000e+00   1.5469540e-01  -1.9000307e+00  -6.7742510e-01   3.4035352e-01  -3.0878507e-01   5.3933930e-01  -1.3966340e+00   5.6928374e-01  -4.9201709e-01  -7.2702139e-01
   2.0000000e+00  -1.8352474e-01  -2.7332655e+00   5.3073484e-02  -9.6568876e-01   1.3007993e+00   5.2545878e-02  -3.5317506e-01  -3.4783193e-01  -6.8810521e-01  -1.8776622e+00
   2.0000000e+00   9.9852850e-04  -5.8264901e-01  -2.0097891e-01   6.3341913e-01  -1.0384924e+00  -5.9990301e-01  -1.9359206e-01   1.3454009e+00  -4.1104973e-01  -1.4976280e+00
   1.0000000e+00  -1.1773451e+00   2.3761537e-01  -8.0914242e-01   1.2254278e+00   4.5946301e-01   4.0019826e-01   6.4720188e-01  -5.9886914e-01   2.1894619e+00   5.6534634e-01
   2.0000000e+00  -6.6471824e-02   1.1308542e+00  -1.1131542e-01   8.4450752e-02   1.1269244e+00   1.1261902e+00  -1.8879538e+00  -1.1620479e+00   1.5868973e+00   2.3715593e-01
   2.0000000e+00  -1.6512007e+00  -1.3139798e-01  -8.3662836e-03  -1.3831640e+00   2.1005213e-01   1.3368121e-01   1.4011638e+00   6.3206125e-01   2.6184391e-01  -2.1802503e-01
   2.0000000e+00   7.4415628e-01  -1.5988598e+00  -1.1545016e+00  -8.8424254e-02  -8.2237684e-01   3.6723185e-01   5.5181058e-01  -1.5898405e-01   1.7220229e-01   1.1623507e+00
   1.0000000e+00  -8.3632460e-01   3.7427799e-01   2.4198698e-01   9.1490161e-01  -7.7650277e-01   1.3097007e+00  -1.6404752e-01  -5.6571898e-01   2.0750834e+00   8.6720898e-01
   1.0000000e+00  -2.8331117e-01   2.3660462e-01  -3.9688953e-01  -4.1580875e-01  -4.5304960e-01  -6.8584319e-01  -1.3873256e+00  -4.0570999e-01  -1.6005825e+00  -5.4700462e-01
   1.0000000e+00   6.9356515e-01   2.1248618e-01   1.2331523e+00   9.3650157e-01  -2.8162775e-01   8.3441109e-01   1.1145143e+00  -4.5612588e-01  -1.2381246e+00  -6.2892305e-01
   2.0000000e+00  -1.6627467e+00   8.0914765e-01  -7.2136201e-01  -1.2823737e+00  -6.4525466e-01   2.3458152e-01  -9.7970037e-01  -8.4460181e-01  -1.3188071e+00   2.6831841e-02
   2.0000000e+00   1.5758651e+00  -1.5846849e+00   5.3517239e-01  -7.5866031e-01   8.6375656e-02   5.0212642e-01  -8.8833971e-01   1.7715326e+00  -1.5736644e+00  -5.3811765e-01
   2.0000000e+00   1.6009115e+00  -9.9193957e-01   6.4962394e-01   3.0276820e-01   1.1761780e+00   5.8343502e-01  -5.1759478e-01  -1.1029699e+00  -6.3369393e-01  -9.4794442e-01
   2.0000000e+00  -1.2619934e-01  -1.7449690e+00  -1.4247137e+00   2.9079139e-01  -8.8146503e-01  -1.1045640e+00  -1.0093951e-01  -1.9842699e+00   5.5196072e-01  -6.7220615e-01
   2.0000000e+00   1.9646751e+00  -6.9694124e-01  -2.9506814e+00  -3.3030595e-01  -2.6201064e-01   1.2651864e-01   3.4828528e-01  -5.7929548e-01  -1.3025166e+00  -9.2070981e-01
   2.0000000e+00   2.3504889e+00   1.6223251e+00   2.9132904e-01   1.4238113e+00   3.9403851e-02  -2.2841981e-01   1.3867651e+00  -9.3065311e-01   1.4821163e+00  -1.0304281e+00
   1.0000000e+00  -1.2032380e+00   9.0896815e-01   8.0600121e-01  -7.4688301e-01   1.4530405e+00  -2.4593566e-01  -1.3437781e+00  -3.0961581e-01   3.0830795e-01   6.6328111e-01
   2.0000000e+00   8.4431761e-01  -1.8157282e+00   7.3688916e-01  -1.3564488e+00   1.3506907e+00  -7.3212340e-01   3.3849966e-01   1.6700819e-01   2.3898561e-01  -9.0746815e-02
   2.0000000e+00  -4.2982013e-01   1.2504094e+00  -5.5955126e-01   1.5216237e+00  -2.1853136e-01  -6.1106740e-01   2.5780265e-01  -3.2203086e-01  -9.2987548e-01   3.2390167e-01
   2.0000000e+00   3.1406530e-01  -5.9445154e-01  -6.2165419e-01  -1.3552377e+00   1.9519293e+00  -1.3360859e+00   7.9002981e-01   4.7740871e-01  -4.5472843e-01   6.4422972e-02
   2.0000000e+00   9.3970232e-01  -9.2644777e-01   8.7191199e-01  -9.2012344e-01   2.8923952e-01   5.8137034e-01  -8.1398111e-01   2.8870976e-01  -6.4051776e-01   2.3256270e+00
   1.0000000e+00  -5.0620103e-01   6.8990157e-01   5.3671654e-01   1.2031969e+00  -2.0026143e+00  -8.3647632e-01   4.2428201e-01   6.8864567e-02   2.9842628e-01  -1.4409130e+00
   2.0000000e+00  -3.6802776e-01  -1.7136314e+00  -1.6148216e+00   1.6920414e+00  -8.9948705e-01   2.9729236e-01   1.9437250e-01  -3.6174376e-01   2.1656208e-01  -1.1884470e+00
   2.0000000e+00  -6.9916148e-01   9.5868476e-01  -1.1520413e-01  -3.1722306e-01   3.1573746e-01  -1.2047815e+00   5.9023514e-01  -5.6499750e-01   2.1247642e+00   1.4211546e+00
   2.0000000e+00   5.9200386e-01   9.0260509e-01   1.3606868e-01  -1.1049753e-01  -5.6851433e-01  -7.2104578e-01  -1.2945624e+00  -6.4145183e-01   1.5040411e+00   1.0806108e-01
   2.0000000e+00   1.0405064e-01  -5.3425245e-01   3.5995651e-01  -1.3816546e+00   1.5905273e+00  -7.4679197e-01  -2.8732398e+00  -3.4443249e-01  -9.4650887e-01  -7.7984994e-02
   1.0000000e+00  -1.6968118e-01   4.0917154e-01   1.4766185e+00  -1.0212177e+00   1.9907294e+00   9.2177148e-01   1.1764571e+00  -3.4200080e-01  -2.7987575e-01  -1.1189887e+00
   2.0000000e+00   1.0499939e+00   4.6999492e-01   9.0992492e-02  -1.8658220e+00  -3.8824233e-01  -8.5927340e-01  -1.0427759e-01  -1.4423368e+00  -1.3697239e+00  -3.8287107e-01
